DATAFILE
NIR_seventh_GDD_withoutcontrol_Nor.dat
NUMBER_OF_TRAITS
1
NUMBER_OF_EFFECTS
9
OBSERVATION(S)
7
WEIGHT(S)

EFFECTS: POSITION_IN_DATAFILE NUMBER_OF_LEVELS TYPE_OF_EFFECT
5 24 cross
8 25 cov 1
9 25 cov 1
10 25 cov 1
11 25 cov 1
8 144 cov 6
9 144 cov 6
10 144 cov 6
11 144 cov 6
RANDOM_RESIDUAL VALUES
1
RANDOM_GROUP
2 3 4 5
RANDOM_TYPE
user_file_inv
FILE
Helfer.GRM
(CO)VARIANCES
9.514300 -1.553400 -1.295301  2.547798
-1.553400  0.2536500  0.2114780 -0.4159713
-1.295301  0.2114780  0.1763471 -0.3468656
2.547798 -0.4159713 -0.3468656  0.6822676
RANDOM_GROUP
6 7 8 9
RANDOM_TYPE
diagonal
FILE

(CO)VARIANCES
3.0326      -2.6747      0.26691     -0.30759E-05
  -2.6747       2.3595     -0.23545      0.27139E-05
  0.26691     -0.23545      0.23545E-01 -0.27097E-06
 -0.30759E-05  0.27139E-05 -0.27097E-06  0.15322E-09
OPTION hetres_pos 8 9 10 11
OPTION hetres_pol -115.762263245464 -113.164255217724 112.997565370274 -112.645339858686
OPTION conv_crit 0.001
OPTION missing -999
OPTION residual
