DATAFILE
NIR_seventh_GDD_withoutcontrol_Nor.dat  
NUMBER_OF_TRAITS
1
NUMBER_OF_EFFECTS
9
OBSERVATION(S)
3
WEIGHT(S)

EFFECTS: POSITION_IN_DATAFILE NUMBER_OF_LEVELS TYPE_OF_EFFECT
5 24 cross
8 25 cov 1
9 25 cov 1
10 25 cov 1
11 25 cov 1
8 144 cov 6
9 144 cov 6
10 144 cov 6
11 144 cov 6
RANDOM_RESIDUAL VALUES
1
RANDOM_GROUP
2 3 4 5
RANDOM_TYPE
user_file_inv
FILE
Helfer.GRM
(CO)VARIANCES
0.30746E-03 -0.15305E-03  0.50445E-04 -0.11551E-05
 -0.15305E-03  0.95712E-04 -0.33794E-04  0.22398E-05
  0.50445E-04 -0.33794E-04  0.15255E-04 -0.20591E-05
 -0.11551E-05  0.22398E-05 -0.20591E-05  0.11617E-05
RANDOM_GROUP
6 7 8 9
RANDOM_TYPE
diagonal
FILE

(CO)VARIANCES
0.54262E-04 -0.28351E-05  0.46098E-05 -0.95327E-10
 -0.28351E-05  0.44877E-04 -0.16516E-04  0.57883E-10
  0.46098E-05 -0.16516E-04  0.13007E-04 -0.20999E-09
 -0.95327E-10  0.57883E-10 -0.20999E-09  0.16498E-09
OPTION hetres_pos 8 9 10 11
OPTION hetres_pol -8.01797263339869 3.16425521772420 2.99756537027420 -2.64533985868614      
OPTION conv_crit 0.001
OPTION missing -999
OPTION residual
